0000 : 08 0a 10 80 00 00 00 00 0b 54 01 08 09 0b 54 02 08 0a 10 80 80 80 80 80 0b 54 03 08 09 0b 54 04 08 0a 10 80 80 80 80 80 0b 54 05 08 0d 01 ff ff 00 00 0b 54 06 08 0e 0b 54 0b 08 0c 0b 54 10 08 
0040 : 0a 10 80 00 00 00 00 0b 54 01 08 09 0b 54 02 08 0a 10 80 80 80 80 80 0b 54 03 08 09 0b 54 04 08 0a 10 80 80 80 80 80 0b 54 05 08 0d 01 ff ff 00 00 0b 54 06 08 0e 0b 54 0b 08 0c 0b 54 10 08 0a 
0080 : 10 80 00 00 00 00 0b 54 01 08 09 0b 54 02 08 0a 10 80 80 80 80 80 0b 54 03 08 09 0b 54 04 08 0a 10 80 80 80 80 80 0b 54 05 08 0d 01 ff ff 00 00 0b 54 06 08 0e 0b 54 0b 08 0c 0b 54 10 08 0a 10 
00c0 : 80 00 00 00 00 0b 54 01 08 09 0b 54 02 08 0a 10 80 80 80 80 80 0b 54 03 08 09 0b 54 04 08 0a 10 80 80 80 80 80 0b 54 05 08 0d 01 ff ff 00 00 0b 54 06 08 0e 0b 54 0b 08 0c 0b 54 10 08 0a 10 80 
0100 : 00 00 00 00 0b 54 01 08 09 0b 54 02 08 0a 10 80 80 80 80 80 0b 54 03 08 09 0b 54 04 08 0a 10 80 80 80 80 80 0b 54 05 08 0d 01 ff ff 00 00 0b 54 06 08 0e 0b 54 0b 08 0c 0b 54 10 08 0a 10 80 00 
0140 : 00 00 00 0b 54 01 08 09 0b 54 02 08 0a 10 80 80 80 80 80 0b 54 03 08 09 0b 54 04 08 0a 10 80 80 80 80 80 0b 54 05 08 0d 01 ff ff 00 00 0b 54 06 08 0e 0b 54 0b 08 0c 0b 54 10 08 0a 10 80 00 00 
0180 : 00 00 0b 54 01 08 09 0b 54 02 08 0a 10 80 80 80 80 80 0b 54 03 08 09 0b 54 04 08 0a 10 80 80 80 80 80 0b 54 05 08 0d 01 ff ff 00 00 0b 54 06 08 0e 0b 54 0b 08 0c 0b 54 10 08 0a 10 80 00 00 00 
01c0 : 00 0b 54 01 08 09 0b 54 02 08 0a 10 80 80 80 80 80 0b 54 03 08 09 0b 54 04 08 0a 10 80 80 80 80 80 0b 54 05 08 0d 01 ff ff 00 00 0b 54 06 08 0e 0b 54 0b 08 0c 0b 54 10 08 0a 10 80 00 00 00 00 
0200 : 0b 54 01 08 09 0b 54 02 08 0a 10 80 80 80 80 80 0b 54 03 08 09 0b 54 04 08 0a 10 80 80 80 80 80 0b 54 05 08 0d 01 ff ff 00 00 0b 54 06 08 0e 0b 54 0b 08 0c 0b 54 10 08 0a 10 80 00 00 00 00 0b 
0240 : 54 01 08 09 0b 54 02 08 0a 10 80 80 80 80 80 0b 54 03 08 09 0b 54 04 08 0a 10 80 80 80 80 80 0b 54 05 08 0d 01 ff ff 00 00 0b 54 06 08 0e 0b 54 0b 08 0c 0b 54 10 08 0a 10 80 00 00 00 00 0b 54 
0280 : 01 08 09 0b 54 02 08 0a 10 80 80 80 80 80 0b 54 03 08 09 0b 54 04 08 0a 10 80 80 80 80 80 0b 54 05 08 0d 01 ff ff 00 00 0b 54 06 08 0e 0b 54 0b 08 0c 0b 54 10 08 0a 10 80 00 00 00 00 0b 54 01 
02c0 : 08 09 0b 54 02 08 0a 10 80 80 80 80 80 0b 54 03 08 09 0b 54 04 08 0a 10 80 80 80 80 80 0b 54 05 08 0d 01 ff ff 00 00 0b 54 06 08 0e 0b 54 0b 08 0c 0b 54 10 08 0a 10 80 00 00 00 00 0b 54 01 08 
0300 : 09 0b 54 02 08 0a 10 80 80 80 80 80 0b 54 03 08 09 0b 54 04 08 0a 10 80 80 80 80 80 0b 54 05 08 0d 01 ff ff 00 00 0b 54 06 08 0e 0b 54 0b 08 0c 0b 54 10 08 0a 10 80 00 00 00 00 0b 54 01 08 09 
0340 : 0b 54 02 08 0a 10 80 80 80 80 80 0b 54 03 08 09 0b 54 04 08 0a 10 80 80 80 80 80 0b 54 05 08 0d 01 ff ff 00 00 0b 54 06 08 0e 0b 54 0b 08 0c 0b 54 10 08 0a 10 80 00 00 00 00 0b 54 01 08 09 0b 
0380 : 54 02 08 0a 10 80 80 80 80 80 0b 54 03 08 09 0b 54 04 08 0a 10 80 80 80 80 80 0b 54 05 08 0d 01 ff ff 00 00 0b 54 06 08 0e 0b 54 0b 08 0c 0b 54 10 08 0a 10 80 00 00 00 00 0b 54 01 08 09 0b 54 
03c0 : 02 08 0a 10 80 80 80 80 80 0b 54 03 08 09 0b 54 04 08 0a 10 80 80 80 80 80 0b 54 05 08 0d 01 ff ff 00 00 0b 54 06 08 0e 0b 54 0b 08 0c 0b 54 10 08 0a 10 80 00 00 00 00 0b 54 01 08 09 0b 54 02 
0400 : 08 0a 10 80 80 80 80 80 0b 54 03 08 09 0b 54 04 08 0a 10 80 80 80 80 80 0b 54 05 08 0d 01 ff ff 00 00 0b 54 06 08 0e 0b 54 0b 08 0c 0b 54 10 08 0a 10 80 00 00 00 00 0b 54 01 08 09 0b 54 02 08 
0440 : 0a 10 80 80 80 80 80 0b 54 03 08 09 0b 54 04 08 0a 10 80 80 80 80 80 0b 54 05 08 0d 01 ff ff 00 00 0b 54 06 08 0e 0b 54 0b 08 0c 0b 54 10 08 0a 10 80 00 00 00 00 0b 54 01 08 09 0b 54 02 08 0a 
0480 : 10 80 80 80 80 80 0b 54 03 08 09 0b 54 04 08 0a 10 80 80 80 80 80 0b 54 05 08 0d 01 ff ff 00 00 0b 54 06 08 0e 0b 54 0b 08 0c 0b 54 10 08 0a 10 80 00 00 00 00 0b 54 01 08 09 0b 54 02 08 0a 10 
04c0 : 80 80 80 80 80 0b 54 03 08 09 0b 54 04 08 0a 10 80 80 80 80 80 0b 54 05 08 0d 01 ff ff 00 00 0b 54 06 08 0e 0b 54 0b 08 0c 0b 54 10 08 0a 10 80 00 00 00 00 0b 54 01 08 09 0b 54 02 08 0a 10 80 
0500 : 80 80 80 80 0b 54 03 08 09 0b 54 04 08 0a 10 80 80 80 80 80 0b 54 05 08 0d 01 ff ff 00 00 0b 54 06 08 0e 0b 54 0b 08 0c 0b 54 10 08 0a 10 80 00 00 00 00 0b 54 01 08 09 0b 54 02 08 0a 10 80 80 
0540 : 80 80 80 0b 54 03 08 09 0b 54 04 08 0a 10 80 80 80 80 80 0b 54 05 08 0d 01 ff ff 00 00 0b 54 06 08 0e 0b 54 0b 08 0c 0b 54 10 08 0a 10 80 00 00 00 00 0b 54 01 08 09 0b 54 02 08 0a 10 80 80 80 
0580 : 80 80 0b 54 03 08 09 0b 54 04 08 0a 10 80 80 80 80 80 0b 54 05 08 0d 01 ff ff 00 00 0b 54 06 08 0e 0b 54 0b 08 0c 0b 54 10 08 0a 10 80 00 00 00 00 0b 54 01 08 09 0b 54 02 08 0a 10 80 80 80 80 
05c0 : 80 0b 54 03 08 09 0b 54 04 08 0a 10 80 80 80 80 80 0b 54 05 08 0d 01 ff ff 00 00 0b 54 06 08 0e 0b 54 0b 08 0c 0b 54 10 08 0a 10 80 00 00 00 00 0b 54 01 08 09 0b 54 02 08 0a 10 80 80 80 80 80 
0600 : 0b 54 03 08 09 0b 54 04 08 0a 10 80 80 80 80 80 0b 54 05 08 0d 01 ff ff 00 00 0b 54 06 08 0e 0b 54 0b 08 0c 0b 54 10 08 0a 10 80 00 00 00 00 0b 54 01 08 09 0b 54 02 08 0a 10 80 80 80 80 80 0b 
0640 : 54 03 08 09 0b 54 04 08 0a 10 80 80 80 80 80 0b 54 05 08 0d 01 ff ff 00 00 0b 54 06 08 0e 0b 54 0b 08 0c 0b 54 10 08 0a 10 80 00 00 00 00 0b 54 01 08 09 0b 54 02 08 0a 10 80 80 80 80 80 0b 54 
0680 : 03 08 09 0b 54 04 08 0a 10 80 80 80 80 80 0b 54 05 08 0d 01 ff ff 00 00 0b 54 06 08 0e 0b 54 0b 08 0c 0b 54 10 08 0a 10 80 00 00 00 00 0b 54 01 08 09 0b 54 02 08 0a 10 80 80 80 80 80 0b 54 03 
06c0 : 08 09 0b 54 04 08 0a 10 80 80 80 80 80 0b 54 05 08 0d 01 ff ff 00 00 0b 54 06 08 0e 0b 54 0b 08 0c 0b 54 10 08 0a 10 80 00 00 00 00 0b 54 01 08 09 0b 54 02 08 0a 10 80 80 80 80 80 0b 54 03 08 
0700 : 09 0b 54 04 08 0a 10 80 80 80 80 80 0b 54 05 08 0d 01 ff ff 00 00 0b 54 06 08 0e 0b 54 0b 08 0c 0b 54 10 08 0a 10 80 00 00 00 00 0b 54 01 08 09 0b 54 02 08 0a 10 80 80 80 80 80 0b 54 03 08 09 
0740 : 0b 54 04 08 0a 10 80 80 80 80 80 0b 54 05 08 0d 01 ff ff 00 00 0b 54 06 08 0e 0b 54 0b 08 0c 0b 54 10 08 0a 10 80 00 00 00 00 0b 54 01 08 09 0b 54 02 08 0a 10 80 80 80 80 80 0b 54 03 08 09 0b 
0780 : 54 04 08 0a 10 80 80 80 80 80 0b 54 05 08 0d 01 ff ff 00 00 0b 54 06 08 0e 0b 54 0b 08 0c 0b 54 10 08 0a 10 80 00 00 00 00 0b 54 01 08 09 0b 54 02 08 0a 10 80 80 80 80 80 0b 54 03 08 09 0b 54 
07c0 : 04 08 0a 10 80 80 80 80 80 0b 54 05 08 0d 01 ff ff 00 00 0b 54 06 08 0e 0b 54 0b 08 0c 0b 54 10 08 0a 10 80 00 00 00 00 0b 54 01 08 09 0b 54 02 08 0a 10 80 80 80 80 80 0b 54 03 08 09 0b 54 04 
0800 : 08 0a 10 80 80 80 80 80 0b 54 05 08 0d 01 ff ff 00 00 0b 54 06 08 0e 0b 54 0b 08 0c 0b 54 10 08 0a 10 80 00 00 00 00 0b 54 01 08 09 0b 54 02 08 0a 10 80 80 80 80 80 0b 54 03 08 09 0b 54 04 08 
0840 : 0a 10 80 80 80 80 80 0b 54 05 08 0d 01 ff ff 00 00 0b 54 06 08 0e 0b 54 0b 08 0c 0b 54 10 08 0a 10 80 00 00 00 00 0b 54 01 08 09 0b 54 02 08 0a 10 80 80 80 80 80 0b 54 03 08 09 0b 54 04 08 0a 
0880 : 10 80 80 80 80 80 0b 54 05 08 0d 01 ff ff 00 00 0b 54 06 08 0e 0b 54 0b 08 0c 0b 54 10 08 0a 10 80 00 00 00 00 0b 54 01 08 09 0b 54 02 08 0a 10 80 80 80 80 80 0b 54 03 08 09 0b 54 04 08 0a 10 
08c0 : 80 80 80 80 80 0b 54 05 08 0d 01 ff ff 00 00 0b 54 06 08 0e 0b 54 0b 08 0c 0b 54 10 08 0a 10 80 00 00 00 00 0b 54 01 08 09 0b 54 02 08 0a 10 80 80 80 80 80 0b 54 03 08 09 0b 54 04 08 0a 10 80 
0900 : 80 80 80 80 0b 54 05 08 0d 01 ff ff 00 00 0b 54 06 08 0e 0b 54 0b 08 0c 0b 54 10 08 0a 10 80 00 00 00 00 0b 54 01 08 09 0b 54 02 08 0a 10 80 80 80 80 80 0b 54 03 08 09 0b 54 04 08 0a 10 80 80 
0940 : 80 80 80 0b 54 05 08 0d 01 ff ff 00 00 0b 54 06 08 0e 0b 54 0b 08 0c 0b 54 10 08 0a 10 80 00 00 00 00 0b 54 01 08 09 0b 54 02 08 0a 10 80 80 80 80 80 0b 54 03 08 09 0b 54 04 08 0a 10 80 80 80 
0980 : 80 80 0b 54 05 08 0d 01 ff ff 00 00 0b 54 06 08 0e 0b 54 0b 08 0c 0b 54 10 08 0a 10 80 00 00 00 00 0b 54 01 08 09 0b 54 02 08 0a 10 80 80 80 80 80 0b 54 03 08 09 0b 54 04 08 0a 10 80 80 80 80 
09c0 : 80 0b 54 05 08 0d 01 ff ff 00 00 0b 54 06 08 0e 0b 54 0b 08 0c 0b 54 10 08 0a 10 80 00 00 00 00 0b 54 01 08 09 0b 54 02 08 0a 10 80 80 80 80 80 0b 54 03 08 09 0b 54 04 08 0a 10 80 80 80 80 80 
0a00 : 0b 54 05 08 0d 01 ff ff 00 00 0b 54 06 08 0e 0b 54 0b 08 0c 0b 54 10 08 0a 10 80 00 00 00 00 0b 54 01 08 09 0b 54 02 08 0a 10 80 80 80 80 80 0b 54 03 08 09 0b 54 04 08 0a 10 80 80 80 80 80 0b 
0a40 : 54 05 08 0d 01 ff ff 00 00 0b 54 06 08 0e 0b 0b 54 0b 08 0c 0b 0f 0f 0f 0f 10 80 00 00 00 00 0b 54 01 08 09 0b 0f 0f 0f 0f 10 80 80 80 80 80 0b 54 03 08 09 0b 00 00 00 00 10 80 80 80 80 80 0b 
0a80 : 54 05 08 0d 01 ff ff 00 00 0b 54 06 08 0e 0b 54 0b 08 0c 0b 0f 0f 0f 0f 10 80 00 00 00 00 0b 54 01 08 09 0b 0f 0f 0f 0f 10 80 80 80 80 80 0b 54 03 08 09 0b 00 00 00 00 10 80 80 80 80 80 0b 54 
0ac0 : 05 08 0d 01 ff ff 00 00 0b 54 06 08 0e 0b 54 0b 08 0c 0b 0f 0f 0f 0f 10 80 00 00 00 00 0b 54 01 08 09 0b 0f 0f 0f 0f 10 80 80 80 80 80 0b 54 03 08 09 0b 00 00 00 00 10 80 80 80 80 80 0b 54 05 
0b00 : 08 0d 01 ff ff 00 00 0b 54 06 08 0e 0b 54 0b 08 0c 0b 0f 0f 0f 0f 10 80 00 00 00 00 0b 54 01 08 09 0b 0f 0f 0f 0f 10 80 80 80 80 80 0b 54 03 08 09 0b 00 00 00 00 10 80 80 80 80 80 0b 54 05 08 
0b40 : 0d 01 ff ff 00 00 0b 54 06 08 0e 0b 54 0b 08 0c 0b 0f 0f 0f 0f 10 80 00 00 00 00 0b 54 01 08 09 0b 0f 0f 0f 0f 10 80 80 80 80 80 0b 54 03 08 09 0b 00 00 00 00 10 80 80 80 80 80 0b 54 05 08 0d 
0b80 : 01 ff ff 00 00 0b 54 06 08 0e 0b 54 0b 08 0c 0b 0f 0f 0f 0f 10 80 00 00 00 00 0b 54 01 08 09 0b 0f 0f 0f 0f 10 80 80 80 80 80 0b 54 03 08 09 0b 00 00 00 00 10 80 80 80 80 80 0b 54 05 08 0d 01 
0bc0 : ff ff 00 00 0b 54 06 08 0e 0b 54 0b 08 0c 0b 0f 0f 0f 0f 10 80 00 00 00 00 0b 54 01 08 09 0b 0f 0f 0f 0f 10 80 80 80 80 80 0b 54 03 08 09 0b 00 00 00 00 10 80 80 80 80 80 0b 54 05 08 0d 01 ff 
0c00 : ff 00 00 0b 54 06 08 0e 0b 54 0b 08 0c 0b 0f 0f 0f 0f 10 80 00 00 00 00 0b 54 01 08 09 0b 0f 0f 0f 0f 10 80 80 80 80 80 0b 54 03 08 09 0b 00 00 00 00 10 80 80 80 80 80 0b 54 05 08 0d 01 ff ff 
0c40 : 00 00 0b 54 06 08 0e 0b 54 0b 08 0c 0b 54 10 08 0a 10 80 00 00 00 00 0b 54 01 08 09 0b 54 02 08 0a 10 80 80 80 80 80 0b 54 03 08 09 0b 54 04 08 0a 10 80 80 80 80 80 0b 54 05 08 0d 01 ff ff 00 
0c80 : 00 0b 54 06 08 0e 0b 54 0b 08 0c 0b 54 10 08 0a 10 80 00 00 00 00 0b 54 01 08 09 0b 54 02 08 0a 10 80 80 80 80 80 0b 54 03 08 09 0b 54 04 08 0a 10 80 80 80 80 80 0b 54 05 08 0d 01 ff ff 00 00 
0cc0 : 0b 54 06 08 0e 0b 54 0b 08 0c 0b 54 10 08 0a 10 80 00 00 00 00 0b 54 01 08 09 0b 54 02 08 0a 10 80 80 80 80 80 0b 54 03 08 09 0b 54 04 08 0a 10 80 80 80 80 80 0b 54 05 08 0d 01 ff ff 00 00 0b 
0d00 : 54 06 08 0e 0b 54 0b 08 0c 0b 54 10 08 0a 10 80 00 00 00 00 0b 54 01 08 09 0b 54 02 08 0a 10 80 80 80 80 80 0b 54 03 08 09 0b 54 04 08 0a 10 80 80 80 80 80 0b 54 05 08 0d 01 ff ff 00 00 0b 54 
0d40 : 06 08 0e 0b 54 0b 08 0c 0b 54 10 08 0a 10 80 00 00 00 00 0b 54 01 08 09 0b 54 02 08 0a 10 80 80 80 80 80 0b 54 03 08 09 0b 54 04 08 0a 10 80 80 80 80 80 0b 54 05 08 0d 01 ff ff 00 00 0b 54 06 
0d80 : 08 0e 0b 54 0b 08 0c 0b 54 10 08 0a 10 80 00 00 00 00 0b 54 01 08 09 0b 54 02 08 0a 10 80 80 80 80 80 0b 54 03 08 09 0b 54 04 08 0a 10 80 80 80 80 80 0b 54 05 08 0d 01 ff ff 00 00 0b 54 06 08 
0dc0 : 0e 0b 54 0b 08 0c 0b 54 10 08 0a 10 80 00 00 00 00 0b 54 01 08 09 0b 54 02 08 0a 10 80 80 80 80 80 0b 54 03 08 09 0b 54 04 08 0a 10 80 80 80 80 80 0b 54 05 08 0d 01 ff ff 00 00 0b 54 06 08 0e 
0e00 : 0b 54 0b 08 0c 0b 54 10 08 0a 10 80 00 00 00 00 0b 54 01 08 09 0b 54 02 08 0a 10 80 80 80 80 80 0b 54 03 08 09 0b 54 04 08 0a 10 80 80 80 80 80 0b 54 05 08 0d 01 ff ff 00 00 0b 54 06 08 0e 0b 
0e40 : 54 0b 08 0c 0b 54 10 08 0a 10 80 00 00 00 00 0b 54 01 08 09 0b 54 02 08 0a 10 80 80 80 80 80 0b 54 03 08 09 0b 54 04 08 0a 10 80 80 80 80 80 0b 54 05 08 0d 01 ff ff 00 00 0b 54 06 08 0e 0b 54 
0e80 : 0b 08 0c 0b 54 10 08 0a 10 80 00 00 00 00 0b 54 01 08 09 0b 54 02 08 0a 10 80 80 80 80 80 0b 54 03 08 09 0b 54 04 08 0a 10 80 80 80 80 80 0b 54 05 08 0d 01 ff ff 00 00 0b 54 06 08 0e 0b 54 0b 
0ec0 : 08 0c 0b 54 10 08 0a 10 80 00 00 00 00 0b 54 01 08 09 0b 54 02 08 0a 10 80 80 80 80 80 0b 54 03 08 09 0b 54 04 08 0a 10 80 80 80 80 80 0b 54 05 08 0d 01 ff ff 00 00 0b 54 06 08 0e 0b 54 0b 08 
0f00 : 0c 0b 54 10 08 0a 10 80 00 00 00 00 0b 54 01 08 09 0b 54 02 08 0a 10 80 80 80 80 80 0b 54 03 08 09 0b 54 04 08 0a 10 80 80 80 80 80 0b 54 05 08 0d 01 ff ff 00 00 0b 54 06 08 0e 0b 54 0b 08 0c 
0f40 : 0b 54 10 08 0a 10 80 00 00 00 00 0b 54 01 08 09 0b 54 02 08 0a 10 80 80 80 80 80 0b 54 03 08 09 0b 54 04 08 0a 10 80 80 80 80 80 0b 54 05 08 0d 01 ff ff 00 00 0b 54 06 08 0e 0b 54 0b 08 0c 0b 
0f80 : 54 10 08 0a 10 80 00 00 00 00 0b 54 01 08 09 0b 54 02 08 0a 10 80 80 80 80 80 0b 54 03 08 09 0b 54 04 08 0a 10 80 80 80 80 80 0b 54 05 08 0d 01 ff ff 00 00 0b 54 06 08 0e 0b 54 0b 08 0c 0b 54 
0fc0 : 10 08 0a 10 80 00 00 00 00 0b 54 01 08 09 0b 54 02 08 0a 10 80 80 80 80 80 0b 54 03 08 09 0b 54 04 08 0a 10 80 80 80 80 80 0b 54 05 08 0d 01 ff ff 00 00 0b 54 06 08 0e 0b 54 0b 08 0c 0b 54 10 
