0000 : 02 90 00 00 00 08 0d 02 90 00 00 00 06 0e 02 90 00 00 00 0b 0a 02 90 00 00 f1 fb 0f 0c 00 6b 03 70 08 ff 98 02 d0 00 5c 05 02 90 0b 54 01 08 07 02 90 08 0a 10 80 01 03 50 0d 09 02 90 0b 54 03 
0040 : 08 02 02 90 08 0a 10 80 03 02 90 0b 54 05 08 04 02 90 54 0b 08 0c 06 02 90 0a 10 80 00 0b 02 90 00 00 00 09 0c 02 90 0b 54 01 08 10 02 90 00 00 00 00 08 09 01 a3 0f 00 00 0f 00 00 0f 00 00 0f 
0080 : 00 00 0b 54 0a 0a 0a 03 70 01 00 5f 02 90 00 00 00 04 08 02 90 09 0b 54 02 07 02 90 0d 01 ff ff 04 02 90 00 00 01 fb 09 02 90 09 0b 54 04 02 02 90 0f 0f 0f 0f 01 02 90 06 08 0e 0b 05 02 90 0b 
00c0 : 54 10 08 06 03 50 01 0b 03 50 09 0c 02 90 09 0b 54 02 10 02 90 00 00 00 00 03 09 01 52 0f 0f 0f 0f 0f 0f 0f 0f 0f ff ff ff ff 0f 0f 0f 0f 0f 0f 0f 0f 0f 0f 0f 0f 0f 0f 0f 0f 0f 0f 0f 0f 0f 0f 
0100 : 0f 0f 0f 0f 0f 0f 0f 0f 0f 0f 0f 0f 0f 0f 0f 0f 0f 0f 0f 0f 0f 0f 0f 0f 0f 0f 0f 0f 0f 0f 0f 0f 0f 0f 0f 0f 0f 0f 0f 0f 0f 0f 0f 0f 0f 0f 0f 0f 0f 0f 0f 0f 0f 0f 0f 0f 0f 0f 0f 0f 0f 0f 0f 0f 
0140 : 0f 0f 0f 0f 0f 0f 0f 0f 0f 0f 0f 0f 0f 0f 0f 0f 0f 0f 0f 0f 0f 0f 0f 0f 0f 0f 0f 0f 0f 0f 0f 0f 0f 0f 0f 0f 0f 0f 0f 0f 0f 0f 0f 0f 0f 0f 0f 0f 0f 0f 0f 0f 0f 0f 0f 0f 0f 0f 0f 0f 0f 0f 0f 0f 
0180 : 0f 0f 0f 0f 0f 0f 0f 0f 0f 0f 0f 0f 0f 0f 0f 0f 0f 0f 0f 0f 0f 0f 0f 0f 0f 0f 0f 0f 0f 0f 0f 0f 0f 0f 0f 0f 0f 0f 0f 0f 0f 0f 0f 0f 0f 0f 0f 0f 0f 0f 0f 0f 0f 0f 0f 0f 0f 0f 0f 0f 0f 0f 0f 0f 
01c0 : 0f 0f 0f 0f 0f 0f 0f 0f 0f 0f 0f 0f 0f 0f 0f 0f 0f 0f 0f 0f 0f 0f 0f 0f 0f 0f 0f 0f 0f 0f 0f 0f 0f 0f 0f 0f 0f 0f 0f 0f 0f 0f 0f 0f 0f 0f 0f 0f 0f 0f 0f 0f 0f 0f 0f 0f 0f 0f 0f 0f 0f 0f 0f 0f 
0200 : 0f 0f 0f 0f 0f 0f 0f 0f 0f 0f 0f 0f 01 00 00 00 2a 01 00 00 00 2a 02 90 0b 54 07 08 08 03 70 08 01 ff 02 90 00 00 00 00 08 09 01 f3 02 90 0f 09 01 f6 03 03 70 03 01 ed 02 90 00 00 00 00 03 09 
0240 : 01 dd 00 00 00 00 00 00 00 00 00 00 00 00 00 00 00 00 00 00 00 00 00 00 00 00 00 00 00 00 00 00 00 00 00 00 00 00 00 00 00 00 00 00 00 00 00 00 00 00 00 00 00 00 00 00 00 00 00 00 00 00 00 00 
0280 : 00 00 00 00 00 00 00 00 00 00 00 00 00 00 00 00 00 00 00 00 00 00 00 00 00 00 00 00 00 00 00 00 00 00 00 00 00 00 00 00 00 00 00 00 00 00 00 00 00 00 00 00 00 00 00 00 00 00 00 00 00 00 00 00 
02c0 : 00 00 00 00 00 00 00 00 00 00 00 00 00 00 00 00 00 00 00 00 00 00 00 00 00 00 00 00 00 00 00 00 00 00 00 00 00 00 00 00 00 00 00 00 00 00 00 00 00 00 00 00 00 00 00 00 00 00 00 00 00 00 00 00 
0300 : 00 00 00 00 00 00 00 00 00 00 00 00 00 00 00 00 00 00 00 00 00 00 00 00 00 00 00 00 00 00 00 00 00 00 00 00 00 00 00 00 00 00 00 00 00 00 00 00 00 00 00 00 00 00 00 00 00 00 00 00 00 00 00 00 
0340 : 00 00 00 00 00 00 00 00 00 00 00 00 00 00 00 00 00 00 00 00 00 00 00 00 00 00 00 00 00 00 00 00 00 00 00 00 00 00 00 00 00 00 00 00 00 00 00 00 00 00 00 00 00 00 00 00 00 00 00 00 00 00 00 00 
0380 : 00 00 00 00 00 00 00 00 00 00 00 00 00 00 00 00 00 00 00 00 00 00 00 00 00 00 00 00 00 00 00 00 00 00 00 00 00 00 00 00 00 00 00 00 00 00 00 00 00 00 00 00 00 00 00 00 00 00 00 00 00 00 00 00 
03c0 : 00 00 00 00 00 00 00 00 00 00 00 00 00 00 00 00 00 00 00 00 00 00 00 00 00 00 00 00 00 00 00 00 00 00 00 00 00 00 00 00 00 00 00 00 00 00 00 00 00 00 00 00 00 00 00 00 00 00 00 00 00 00 00 00 
0400 : 00 00 00 00 00 00 00 00 00 00 00 00 00 00 00 00 00 00 00 00 00 00 00 00 00 00 00 00 0b 54 07 08 0f 09 01 f6 00 00 00 00 00 00 00 00 00 00 00 00 00 00 00 00 00 00 00 00 00 00 00 00 00 00 00 00 
0440 : 00 00 00 00 00 00 00 00 00 00 00 00 00 00 00 00 00 00 00 00 00 00 00 00 00 00 00 00 00 00 00 00 00 00 00 00 00 00 00 00 00 00 00 00 00 00 00 00 00 00 00 00 00 00 00 00 00 00 00 00 00 00 00 00 
0480 : 00 00 00 00 00 00 00 00 00 00 00 00 00 00 00 00 00 00 00 00 00 00 00 00 00 00 00 00 00 00 00 00 00 00 00 00 00 00 00 00 00 00 00 00 00 00 00 00 00 00 00 00 00 00 00 00 00 00 00 00 00 00 00 00 
04c0 : 00 00 00 00 00 00 00 00 00 00 00 00 00 00 00 00 00 00 00 00 00 00 00 00 00 00 00 00 00 00 00 00 00 00 00 00 00 00 00 00 00 00 00 00 00 00 00 00 00 00 00 00 00 00 00 00 00 00 00 00 00 00 00 00 
0500 : 00 00 00 00 00 00 00 00 00 00 00 00 00 00 00 00 00 00 00 00 00 00 00 00 00 00 00 00 00 00 00 00 00 00 00 00 00 00 00 00 00 00 00 00 00 00 00 00 00 00 00 00 00 00 00 00 00 00 00 00 00 00 00 00 
0540 : 00 00 00 00 00 00 00 00 00 00 00 00 00 00 00 00 00 00 00 00 00 00 00 00 00 00 00 00 00 00 00 00 00 00 00 00 00 00 00 00 00 00 00 00 00 00 00 00 00 00 00 00 00 00 00 00 00 00 00 00 00 00 00 00 
0580 : 00 00 00 00 00 00 00 00 00 00 00 00 00 00 00 00 00 00 00 00 00 00 00 00 00 00 00 00 00 00 00 00 00 00 00 00 00 00 00 00 00 00 00 00 00 00 00 00 00 00 00 00 00 00 00 00 00 00 00 00 00 00 00 00 
05c0 : 00 00 00 00 00 00 00 00 00 00 00 00 00 00 00 00 00 00 00 00 00 00 00 00 00 00 00 00 00 00 00 00 00 00 00 00 00 00 00 00 00 00 00 00 00 00 00 00 00 00 00 00 00 00 00 00 00 00 00 00 00 00 00 00 
0600 : 00 00 00 00 00 00 00 00 00 00 00 00 00 00 00 00 00 00 00 00 00 00 00 0b 54 01 08 09 0b 54 02 08 0a 10 80 00 00 00 00 0b 54 03 08 09 0b 54 04 08 0a 10 80 00 00 00 00 0b 54 05 08 0d 01 ff ff 00 
0640 : 00 0b 54 06 08 0e 0b 54 0b 08 0c 0b 54 10 08 0a 10 80 00 00 00 00 0b 54 01 08 09 0b 54 02 08 0a 10 80 00 00 00 00 0b 54 03 08 09 0b 54 04 08 0a 10 80 00 00 00 00 0b 54 05 08 0d 01 ff ff 00 00 
0680 : 0b 54 06 08 0e 0b 54 0b 08 0c 0b 54 10 08 0a 10 80 00 00 00 00 0b 54 01 08 09 0b 54 02 08 0a 10 80 00 00 00 00 0b 54 03 08 09 0b 54 04 08 0a 10 80 00 00 00 00 0b 00 00 00 00 01 ff ff 00 00 0b 
06c0 : 00 00 00 00 0b 00 00 00 00 0b 54 00 00 00 00 80 00 00 00 00 0b 54 01 08 09 0b 54 0b 54 04 01 80 00 00 00 00 0b 54 03 08 09 0b 54 00 00 00 00 80 00 00 00 00 0b 00 00 00 00 01 ff ff 00 00 0b 00 
0700 : 00 00 00 0b 00 00 00 00 0b 54 00 00 00 00 80 00 00 00 00 0b 54 01 08 09 0b 54 0b 54 04 01 80 00 00 00 00 0b 54 03 08 09 0b 54 00 00 00 00 80 00 00 00 00 0b 00 00 00 00 01 ff ff 00 00 0b 00 00 
0740 : 00 00 0b 00 00 00 00 0b 54 ff ff ff fe 80 00 00 00 00 0b 54 01 08 09 0b 54 00 00 00 00 80 00 00 00 00 0b 54 03 08 09 0b 54 00 00 00 00 80 00 00 00 00 0b 00 00 00 00 01 ff ff 00 00 0b 00 00 00 
0780 : 00 0b 00 00 00 00 0b 54 ff ff ff fe 80 00 00 00 00 0b 54 01 08 09 0b 54 00 00 00 00 80 00 0f 0f 0f 0f 54 0f 0f 0f 0f 54 0f 0f 0f 0f 80 0f 0f 0f 0f 0b 0f 0f 0f 0f 01 ff ff 00 00 0b 00 00 00 00 
07c0 : 0b 00 00 00 00 0b 54 ff ff ff fe 80 00 00 00 00 0b 54 01 08 09 0b 54 00 00 00 00 80 00 00 00 00 0b 00 00 00 00 0b 0f 0f 0f 0f 10 80 00 00 00 00 0b 00 00 00 00 01 ff ff 00 00 0b 00 00 00 00 0b 
0800 : 00 00 00 00 0b 00 ff ff ff fe 80 00 09 0f 0f 0f 0f 00 00 00 0b 54 00 08 0a 10 80 0a 02 90 ff ff 0f 0f 0f 0f 90 0f 0f 0f 0f 00 0f 0f 0f 0f fe 19 03 02 90 07 09 ff f0 04 02 90 ff ff fe 0a 0f 0f 
0840 : 0f 0f ff ff f9 ff ff ff fe 01 01 09 ff 0f 0f 0f 0f 50 0f 0f 0f 0f 0f 0f 0f 03 70 08 0f 0f 0f 0f 2a 0f 0f 0f 0f 00 0f 0f 0f 0f 90 0f 0f 0f 0f 0a 0f 0f 0f 0f fe 74 09 02 90 0b 0f 0f 0f 0f 02 90 
0880 : ff ff fe 15 0f 0f 0f 0f 04 02 90 ff ff fe 06 05 02 90 ff ff 0f 0f 0f 0f d0 fe 01 01 09 ff 6c 03 70 04 ff db 00 00 00 00 d1 03 70 04 ff c7 03 70 04 ff bd 03 70 04 ff b3 03 70 04 ff a9 03 70 04 
08c0 : ff 9f 03 0f 0f 0f 0f 03 70 04 ff 8b 03 70 04 ff 81 03 70 0f 0f 0f 0f 70 04 ff 6d 03 70 04 ff 63 0f 0f 0f 0f 00 00 00 04 ff 4f 03 70 04 ff 45 03 70 04 ff 3b 03 70 04 ff 31 03 70 04 ff 27 03 70 
0900 : 04 ff 0f 0f 0f 0f ff 13 03 70 04 ff 09 03 70 04 fe ff 0f 0f 0f 0f f5 03 70 04 fe eb 03 70 04 fe e1 03 00 00 00 00 03 70 04 fe cd 03 70 04 fe c3 03 70 04 fe b9 03 70 04 fe af 03 70 04 fe a5 03 
0940 : 70 0f 0f 0f 0f 70 04 fe 91 03 70 04 fe 87 03 70 04 0f 0f 0f 0f 04 fe 73 03 70 04 fe 69 03 70 04 fe 00 00 00 00 fe 55 03 70 04 fe 4b 03 70 04 fe 41 03 70 04 fe 37 03 70 04 fe 2d 03 70 04 fe 23 
0980 : 0f 0f 0f 0f fe 09 ff 1a 02 90 0f 0f 0f 0f 04 01 0f 0f 0f 0f 02 d0 01 ff 01 0c 00 10 03 70 0f ff 00 00 00 00 00 2a 09 fe f9 01 00 00 00 2a 0c fe f1 01 00 00 00 2a 0c 00 2f 01 00 00 00 2a 0c 0f 
09c0 : 0f 0f 0f 00 00 00 05 03 02 90 00 00 01 ff 05 0f 0f 0f 0f 04 05 02 02 90 01 ff ff ff 06 02 d0 00 ff ff ff fe 76 01 00 00 00 2a 0c 00 50 02 90 00 00 00 09 03 02 90 00 00 01 fa 05 02 90 01 0f 0f 
0a00 : 0f 0f 02 d0 00 11 06 02 d0 01 ff 01 09 00 0f 0f ff ff ff fe 0b 54 02 03 01 02 90 00 00 00 0d 03 02 90 00 00 01 f5 05 02 90 03 01 0f 0f 02 03 50 02 06 02 d0 01 ff 01 09 00 21 03 70 0f ff d6 02 
0a40 : 90 00 00 01 ff 03 02 90 00 00 01 f0 05 03 50 04 02 03 50 04 06 09 00 03 0b 54 02 03 01 00 00 00 00 03 01 0f 0f 00 00 00 00 00 00 00 00 00 00 00 00 00 00 00 00 00 00 00 00 00 00 00 00 00 00 00 
0a80 : 00 00 00 00 00 00 00 00 00 00 00 00 00 00 00 00 00 00 00 00 00 00 00 00 00 00 00 00 00 00 00 00 00 00 00 00 00 00 00 00 00 00 00 00 00 00 00 00 00 00 00 00 00 00 00 00 00 00 00 00 00 00 00 00 
0ac0 : 00 00 00 00 00 00 00 00 00 00 00 00 00 00 00 00 00 00 00 00 00 00 00 00 00 00 00 00 00 00 00 00 00 00 00 00 00 00 00 00 00 00 00 00 00 00 00 00 00 00 00 00 00 00 00 00 00 00 00 00 00 00 00 00 
0b00 : 00 00 00 00 00 00 00 00 00 00 00 00 00 00 00 00 00 00 00 00 00 00 00 00 00 00 00 00 00 00 00 00 00 00 00 00 00 00 00 00 00 00 00 00 00 00 00 00 00 00 00 00 00 00 00 00 00 00 00 00 00 00 00 00 
0b40 : 00 00 00 00 00 00 00 00 00 00 00 00 00 00 00 00 00 00 00 00 00 00 00 00 00 00 00 00 00 00 00 00 00 00 00 00 00 00 00 00 00 00 00 00 00 00 00 00 00 00 00 00 00 00 00 00 00 00 00 00 00 00 00 00 
0b80 : 00 00 00 00 00 00 00 00 00 00 00 00 00 00 00 00 00 00 00 00 00 00 00 00 00 00 00 00 00 00 00 00 00 00 00 00 00 00 00 00 00 00 00 00 00 00 00 00 00 00 00 00 00 00 00 00 00 00 00 00 00 00 00 00 
0bc0 : 00 00 00 00 00 00 00 00 00 00 00 00 00 00 00 00 00 00 00 00 00 00 00 00 00 00 00 00 00 00 00 00 00 00 00 00 00 00 00 00 00 00 00 00 00 00 00 00 00 00 00 00 00 00 00 00 00 00 00 00 00 00 00 00 
0c00 : 00 00 00 00 00 00 00 00 00 00 00 00 00 00 00 00 00 00 00 00 00 00 00 00 00 00 00 00 00 00 00 00 00 00 00 00 00 00 00 00 00 00 00 00 00 00 00 00 00 00 00 00 00 00 00 00 00 00 00 00 00 00 00 00 
0c40 : 00 00 00 00 00 00 00 00 00 00 00 00 00 00 00 00 00 00 00 00 00 00 00 0f 0f 0f 0f 00 00 00 00 00 00 00 00 00 00 00 00 00 00 00 00 00 00 00 00 00 00 00 00 00 00 00 00 00 00 00 00 00 00 00 00 00 
0c80 : 00 00 00 00 00 00 00 00 00 00 00 00 00 00 00 00 00 00 00 00 00 00 00 00 00 00 00 00 00 00 00 00 00 00 00 00 00 00 00 00 00 00 00 00 00 00 00 00 00 00 00 00 00 00 00 00 00 00 00 00 00 00 00 00 
0cc0 : 00 00 00 00 00 00 00 00 00 00 00 00 00 00 00 00 00 00 00 00 00 00 00 00 00 00 00 00 00 00 00 00 00 00 00 00 00 00 00 00 00 00 00 00 00 00 00 00 00 00 00 00 00 00 00 00 00 00 00 00 00 00 00 00 
0d00 : 00 00 00 00 00 00 00 00 00 00 00 00 00 00 00 00 00 00 00 00 00 00 00 00 00 00 00 00 00 00 00 00 00 00 00 00 00 00 00 00 00 00 00 00 00 00 00 00 00 00 00 00 00 00 00 00 00 00 00 00 00 00 00 00 
0d40 : 00 00 00 00 00 00 00 00 00 00 00 00 00 00 00 00 00 00 00 00 00 00 00 00 00 00 00 00 00 00 00 00 00 00 00 00 00 00 00 00 00 00 00 00 00 00 00 00 00 00 00 00 00 00 00 00 00 00 00 00 00 00 00 00 
0d80 : 00 00 00 00 00 00 00 00 00 00 00 00 00 00 00 00 00 00 00 00 00 00 00 00 00 00 00 00 00 00 00 00 00 00 00 00 00 00 00 00 00 00 00 00 00 00 00 00 00 00 00 00 00 00 00 00 00 00 00 00 00 00 00 00 
0dc0 : 00 00 00 00 00 00 00 00 00 00 00 00 00 00 00 00 00 00 00 00 00 00 00 00 00 00 00 00 00 00 00 00 00 00 00 00 00 00 00 00 00 00 00 00 00 00 00 00 00 00 00 00 00 00 00 00 00 00 00 00 00 00 00 00 
0e00 : 00 00 00 00 00 00 00 00 00 00 00 00 00 00 00 00 00 00 00 00 00 00 00 00 00 00 00 00 00 00 00 00 00 00 00 00 00 00 00 00 00 00 00 00 00 00 00 00 00 00 00 00 00 00 00 00 00 00 00 00 00 00 00 00 
0e40 : 00 00 00 00 00 00 00 00 00 00 00 00 00 00 00 00 00 00 00 00 00 00 00 00 00 00 00 00 00 00 00 00 00 00 00 00 00 00 00 00 00 00 00 00 00 00 00 00 00 00 00 00 00 00 00 00 00 00 00 00 00 00 00 00 
0e80 : 00 00 00 00 00 00 00 00 00 00 00 00 00 00 00 00 00 00 00 00 00 00 00 00 00 00 00 00 00 00 00 00 00 00 00 00 00 00 00 00 00 00 00 00 00 00 00 00 00 00 00 00 00 00 00 00 00 00 00 00 00 00 00 00 
0ec0 : 00 00 00 00 00 00 00 00 00 00 00 00 00 00 00 00 00 00 00 00 00 00 00 00 00 00 00 00 00 00 00 00 00 00 00 00 00 00 00 00 00 00 00 00 00 00 00 00 00 00 00 00 00 00 00 00 00 00 00 00 00 00 00 00 
0f00 : 00 00 00 00 00 00 00 00 00 00 00 00 00 00 00 00 00 00 00 00 00 00 00 00 00 00 00 00 00 00 00 00 00 00 00 00 00 00 00 00 00 00 00 00 00 00 00 00 00 00 00 00 00 00 00 00 00 00 00 00 00 00 00 00 
0f40 : 00 00 00 00 00 00 00 00 00 00 00 00 00 00 00 00 00 00 00 00 00 00 00 00 00 00 00 00 00 00 00 00 00 00 00 00 00 00 00 00 00 00 00 00 00 00 00 00 00 00 00 00 00 00 00 00 00 00 00 00 00 00 00 00 
0f80 : 00 00 00 00 00 00 00 00 00 00 00 00 00 00 00 00 00 00 00 00 00 00 00 00 00 00 00 00 00 00 00 00 00 00 00 00 00 00 00 00 00 00 00 00 00 00 00 00 00 00 00 00 00 00 00 00 00 00 00 00 00 00 00 00 
0fc0 : 00 00 00 00 00 00 00 00 00 00 00 00 00 00 00 00 00 00 00 00 00 00 00 00 00 00 00 00 00 00 00 00 00 00 00 00 00 00 00 00 00 00 00 00 00 00 00 00 00 00 00 00 00 00 00 00 00 00 00 00 00 00 00 00 
